sel.df
#      id truth  set iter SVM MLP Multinomial Voting
# 194 273     1 test   10   2   2           1      2
# 195 274     1 test    2   2   2           2      2
# 196 275     1 test    2   1   2           2      2
# 199 278     1 test   10   2   2           2      2
# 238 312     1 test    1   2   2           2      2
# 277 348     1 test    4   1   2           2      2
# 307 375     1 test    9   2   2           2      2
# 313 380     1 test    4   2   2           2      2
# 319 386     1 test    5   2   2           2      2
# 322 389     1 test    8   2   1           2      2
# 327 393     1 test   10   1   2           2      2
# 439 494     1 test    2   2   2           1      2
# 511  76     1 test    7   1   3           3      3
# 132 217     2 test    9   2   1           1      1
# 133 218     2 test   10   1   1           1      1
# 138 222     2 test    6   1   1           3      1
# 140 224     2 test    4   2   3           3      3
# 214 291     2 test    8   2   1           1      1
# 245 319     2 test    2   1   1           1      1
# 310 378     2 test    9   3   3           3      3
# 325 391     2 test    7   1   1           1      1
# 331 397     2 test    5   1   1           1      1
# 350 413     2 test    2   2   3           3      3
# 353 416     2 test   10   1   3           3      3
# 358 420     2 test    3   2   3           3      3
# 403 461     2 test    8   2   3           3      3
# 437 492     2 test   10   3   3           3      3
# 450 503     2 test    1   1   1           1      1
# 452 505     2 test    6   1   1           1      1
# 247 320     3 test    2   2   2           2      2
# 248 321     3 test    5   1   1           1      1
# 250 323     3 test    4   3   2           2      2
# 271 342     3 test    9   1   1           3      1
# 272 343     3 test    9   2   3           2      2
# 341 405     3 test    2   2   2           2      2
# 344 408     3 test    6   2   2           2      2
# 347 410     3 test    8   2   2           2      2
# 388 448     3 test    5   1   3           2      1
# 391 450     3 test    1   1   3           1      1
# 406 464     3 test    1   1   3           2      1